471
381
130
123
554
694
181
111
133
607
636
583
297
587
335
560
319
603
102
507
596
323
575
663
298
307
295
439
677
490
375
101
579
469
571
658
461
543
213
128
615
527
217
226
502
265
160
551
423
136
388
595
689
408
196
341
483
231
399
194
451
120
564
240
513
340
654
568
285
329
239
100
493
644
366
215
585
515
148
121
612
410
678
509
597
531
614
476
548
504
501
646
189
333
411
491
623
282
330
132
578
304
641
512
637
616
631
510
545
107
395
656
195
391
406
695
466
261
429
249
222
360
306
248
171
535
622
460
672
294
559
238
647
562
650
538
431
475
317
592
321
574
164
229
272
114
374
284
387
520
331
202
505
573
236
300
693
347
191
511
418
384
549
404
540
370
343
598
324
392
437
105
552
157
180
433
192
456
470
648
498
187
606
349
620
271
145
394
685
106
633
621
665
193
699
558
149
234
436
166
251
593
664
550
351
232
325
600
462
208
624
386
219
473
255
365
144
364
357
393
223
224
372
309
348
250
310
643
214
146
468
257
576
495
670
273
129
674
557
168
442
580
280
235
182
117
514
142
216
218
428
432
228
533
303
209
667
339
327
390
158
608
342
426
127
220
448
322
361
358
259
427
400
263
686
174
286
692
526
299
626
581
177
690
353
534
640
438
115
313
302
642
419
525
389
478
547
246
684
113
379
588
618
627
452
405
368
494
245
134
537
266
523
655
425
153
604
449
553
681
147
175
445
344
659
326
521
591
613
497
496
350
446
421
371
337
354
645
312
524
572
486
154
401
233
352
434
269
169
499
124
211
159
682
221
212
283
118
279
563
247
482
454
698
424
264
275
346
289
308
173
359
254
385
632
161
532
287
314
653
503
170
539
455
126
443
492
288
652
412
311
696
683
586
112
508
546
590
629
458
577
138
210
555
450
668
242
619
184
119
139
155
176
487
610
140
465
566
156
200
204
561
190
638
162
141
660
409
270
256
463
122
356
336
165
103
278
380
262
464
485
151
500
635
274
529
225
296
172
481
328
260
609
697
376
199
407
355
661
397
315
290
530
651
369
416
143
230
657
567
403
104
457
435
673
479
258
363
628
459
582
110
422
541
382
484
519
589
252
332
536
373
414
108
447
188
398
467
237
413
