1028
814
580
1709
1727
1456
663
540
193
281
405
1956
1410
1794
210
387
1334
259
1079
1993
420
672
369
639
825
610
1243
478
1206
258
1730
768
806
1124
1952
244
283
1625
853
992
213
1746
82
1286
1051
1291
140
1007
730
788
1254
1080
374
627
1720
1342
726
542
1188
710
594
307
864
804
224
1168
1437
1624
1133
1735
1047
1910
555
1522
189
895
385
744
1297
1639
1380
1088
1887
821
618
1392
1960
477
643
1123
1335
1111
1145
934
971
1361
1463
1681
358
49
1480
44
1731
1424
63
516
1127
113
1394
1274
816
829
182
43
24
480
1976
1801
1936
1759
1487
765
1501
102
558
1907
927
472
959
530
835
1661
837
965
872
924
1809
1629
1911
1486
1879
657
1906
1250
1072
1314
1086
177
1474
991
1514
308
953
975
5
251
370
435
348
87
1738
1270
1543
444
1056
1724
997
1260
1184
1292
819
1667
677
39
1329
830
461
1071
1465
1896
1015
1589
445
615
1226
1519
779
1099
416
1957
309
1325
1427
967
1733
187
1077
1057
1163
740
1326
1203
488
1249
457
1178
128
1997
390
1796
877
682
1219
712
1637
1658
984
275
1775
372
545
1787
96
930
1654
928
611
936
1765
1540
810
1041
162
1576
846
1811
1769
77
1752
114
1479
115
614
14
1412
1310
938
718
1458
1276
940
1919
737
587
384
1258
528
1793
1442
66
574
700
1098
1943
1656
1699
715
621
1506
1604
1990
560
1555
1992
427
1241
1884
784
98
734
1612
1494
1299
1780
1352
1298
942
225
1561
1074
305
1913
19
421
510
1379
833
1758
828
211
1221
943
1130
692
501
1969
1600
803
104
622
31
1328
190
1044
807
1903
1728
1953
733
99
1590
729
1607
834
1827
1046
1871
1011
312
1680
826
476
1986
757
1983
1295
1549
277
1601
375
1364
448
797
1283
315
80
591
298
188
1649
868
1742
743
529
288
250
1747
688
1895
1679
662
1636
1657
469
1138
376
1021
1663
871
1585
863
54
1644
979
1978
1001
1431
33
1716
885
325
1547
135
1725
635
847
866
1925
1216
869
1065
1372
1346
255
35
1888
1880
1446
1387
957
664
839
1265
1848
413
1710
1303
1525
50
486
856
1492
357
912
1452
547
1032
175
17
1384
502
414
671
487
981
918
955
265
1722
1815
433
1269
990
1439
1640
1400
1024
506
1841
431
589
1929
1773
148
1209
126
1867
1063
1721
732
27
584
142
920
1840
831
1670
1473
1504
553
1948
624
239
491
617
1103
341
1744
233
1831
1296
607
634
1317
253
1453
1493
1336
1749
1816
1886
324
1038
234
508
1781
861
351
755
1012
1234
777
393
1516
619
411
1193
1488
1228
691
